shape_id,shape_pt_sequence,shape_pt_lat,shape_pt_lon
1,48591,47.248663,-1.517214
1,48592,47.247546,-1.512972
1,48601,47.247546,-1.512972
1,48602,47.246163,-1.511407
1,48611,47.246163,-1.511407
1,48612,47.244435,-1.509908
1,48621,47.244435,-1.509908
1,48622,47.241927,-1.508933
1,48631,47.241927,-1.508933
1,48632,47.238554,-1.507503
1,48641,47.238554,-1.507503
1,48642,47.236551,-1.507993
1,48651,47.236551,-1.507993
1,48652,47.235433,-1.504030
1,48661,47.235433,-1.504030
1,48662,47.232226,-1.507357
1,48671,47.232226,-1.507357
1,48672,47.229721,-1.511276
1,48681,47.229721,-1.511276
1,48682,47.227629,-1.515460
1,48691,47.227629,-1.515460
1,48692,47.226627,-1.519742
1,48701,47.226627,-1.519742
1,48702,47.226473,-1.523471
1,48711,47.226473,-1.523471
1,48712,47.227812,-1.525325
1,48721,47.227812,-1.525325
1,48722,47.225373,-1.530439
1,48731,47.225373,-1.530439
1,48732,47.227155,-1.532745
1,48741,47.227155,-1.532745
1,48742,47.225797,-1.536955
1,48751,47.225797,-1.536955
1,48752,47.223580,-1.538561
1,48761,47.223580,-1.538561
1,48762,47.221481,-1.543505
1,48771,47.221481,-1.543505
1,48772,47.219807,-1.545615
1,48781,47.219807,-1.545615
1,48782,47.219254,-1.550459
1,48791,47.219254,-1.550459
1,48792,47.218137,-1.551944
1,48801,47.218137,-1.551944
1,48802,47.217826,-1.554443
1,48811,47.217826,-1.554443
1,48812,47.218147,-1.557084
1,48821,47.218147,-1.557084
1,48822,47.219862,-1.555166
1,48831,47.219862,-1.555166
1,48832,47.221497,-1.555810
1,48841,47.221497,-1.555810
1,48842,47.222820,-1.556986
1,48851,47.222820,-1.556986
1,48852,47.225455,-1.559242
1,48861,47.225455,-1.559242
1,48862,47.227962,-1.561387
1,48871,47.227962,-1.561387
1,48872,47.230873,-1.563784
1,48881,47.230873,-1.563784
1,48882,47.232621,-1.565243
1,48891,47.232621,-1.565243
1,48892,47.235797,-1.567891
1,48901,47.235797,-1.567891
1,48902,47.237980,-1.569856
1,48911,47.237980,-1.569856
1,48912,47.239674,-1.571515
1,48921,47.239674,-1.571515
1,48922,47.239736,-1.577996
1,48931,47.239736,-1.577996
1,48932,47.239378,-1.585073
1,48941,47.239378,-1.585073
1,48942,47.237918,-1.586113
10,52021,47.215978,-1.542080
10,52022,47.215647,-1.546108
10,52031,47.215647,-1.546108
10,52032,47.213969,-1.549513
10,52041,47.213969,-1.549513
10,52042,47.212831,-1.552137
10,52051,47.212831,-1.552137
10,52052,47.214465,-1.555513
10,52061,47.214465,-1.555513
10,52062,47.216998,-1.556775
10,52071,47.216998,-1.556775
10,52072,47.218147,-1.557084
10,52081,47.218147,-1.557084
10,52082,47.219862,-1.555166
10,52091,47.219862,-1.555166
10,52092,47.221497,-1.555810
10,52101,47.221497,-1.555810
10,52102,47.222820,-1.556986
10,52111,47.222820,-1.556986
10,52112,47.225455,-1.559242
10,52121,47.225455,-1.559242
10,52122,47.227962,-1.561387
10,52131,47.227962,-1.561387
10,52132,47.230873,-1.563784
10,52141,47.230873,-1.563784
10,52142,47.232621,-1.565243
10,52151,47.232621,-1.565243
10,52152,47.235797,-1.567891
10,52161,47.235797,-1.567891
10,52162,47.237980,-1.569856
10,52171,47.237980,-1.569856
10,52172,47.239674,-1.571515
10,52181,47.239674,-1.571515
10,52182,47.240872,-1.572720
10,52191,47.240872,-1.572720
10,52192,47.244322,-1.575383
10,52201,47.244322,-1.575383
10,52202,47.248934,-1.577037
10,52211,47.248934,-1.577037
10,52212,47.250843,-1.576622
10,52221,47.250843,-1.576622
10,52222,47.252811,-1.576200
10,52231,47.252811,-1.576200
10,52232,47.254883,-1.576118
10,52241,47.254883,-1.576118
10,52242,47.257125,-1.575632
10,52251,47.257125,-1.575632
10,52252,47.260142,-1.574759
10,52261,47.260142,-1.574759
10,52262,47.261416,-1.574548
10,52271,47.261416,-1.574548
10,52272,47.264204,-1.576973
10,52281,47.264204,-1.576973
10,52282,47.263588,-1.579382
10,52291,47.263588,-1.579382
10,52292,47.261653,-1.584478
11,48091,47.245739,-1.615904
11,48092,47.245606,-1.608399
11,48101,47.245606,-1.608399
11,48102,47.247117,-1.603065
11,48111,47.247117,-1.603065
11,48112,47.247117,-1.603065
11,48121,47.249082,-1.597756
11,48122,47.249082,-1.597756
11,48131,47.249082,-1.597756
11,48132,47.245906,-1.593794
11,48141,47.245906,-1.593794
11,48142,47.243091,-1.591646
11,48151,47.243091,-1.591646
11,48152,47.240075,-1.591125
11,48161,47.240075,-1.591125
11,48162,47.240075,-1.591125
11,48171,47.237997,-1.586819
11,48172,47.237997,-1.586819
11,48181,47.237997,-1.586819
11,48182,47.234912,-1.582172
11,48191,47.234912,-1.582172
11,48192,47.232690,-1.577319
11,48201,47.232690,-1.577319
11,48202,47.232690,-1.577319
11,48211,47.229820,-1.572685
11,48212,47.229820,-1.572685
11,48221,47.229820,-1.572685
11,48222,47.227006,-1.569419
11,48231,47.227006,-1.569419
11,48232,47.224090,-1.565217
11,48241,47.224090,-1.565217
11,48242,47.224090,-1.565217
11,48251,47.221208,-1.562625
11,48252,47.221208,-1.562625
11,48261,47.221208,-1.562625
11,48262,47.218362,-1.560060
11,48271,47.218362,-1.560060
11,48272,47.218362,-1.560060
11,48281,47.217071,-1.558186
11,48282,47.217071,-1.558186
11,48291,47.217071,-1.558186
11,48292,47.217071,-1.558186
11,48301,47.214346,-1.555726
11,48302,47.214346,-1.555726
11,48311,47.214346,-1.555726
11,48312,47.214346,-1.555726
11,48321,47.211508,-1.552937
11,48322,47.211508,-1.552937
12,51731,47.261949,-1.584148
12,51732,47.263119,-1.580308
12,51741,47.263119,-1.580308
12,51742,47.264089,-1.576335
12,51751,47.264089,-1.576335
12,51752,47.261102,-1.574798
12,51761,47.261102,-1.574798
12,51762,47.259488,-1.575024
12,51771,47.259488,-1.575024
12,51772,47.257031,-1.575795
12,51781,47.257031,-1.575795
12,51782,47.254529,-1.576276
12,51791,47.254529,-1.576276
12,51792,47.252706,-1.576387
12,51801,47.252706,-1.576387
12,51802,47.250422,-1.576869
12,51811,47.250422,-1.576869
12,51812,47.248572,-1.577306
12,51821,47.248572,-1.577306
12,51822,47.244270,-1.575527
12,51831,47.244270,-1.575527
12,51832,47.241699,-1.573627
12,51841,47.241699,-1.573627
12,51842,47.239582,-1.571614
12,51851,47.239582,-1.571614
12,51852,47.238639,-1.570664
12,51861,47.238639,-1.570664
12,51862,47.236079,-1.568262
12,51871,47.236079,-1.568262
12,51872,47.232475,-1.565289
12,51881,47.232475,-1.565289
12,51882,47.229978,-1.563178
12,51891,47.229978,-1.563178
12,51892,47.228243,-1.561762
12,51901,47.228243,-1.561762
12,51902,47.225791,-1.559674
12,51911,47.225791,-1.559674
12,51912,47.222213,-1.556585
12,51921,47.222213,-1.556585
12,51922,47.221526,-1.556033
12,51931,47.221526,-1.556033
12,51932,47.219769,-1.555633
12,51941,47.219769,-1.555633
12,51942,47.218053,-1.557243
12,51951,47.218053,-1.557243
12,51952,47.216669,-1.556843
12,51961,47.216669,-1.556843
12,51962,47.214461,-1.555743
12,51971,47.214461,-1.555743
12,51972,47.212325,-1.552970
12,51981,47.212325,-1.552970
12,51982,47.214134,-1.548953
12,51991,47.214134,-1.548953
12,51992,47.215956,-1.544871
12,52001,47.215956,-1.544871
12,52002,47.215932,-1.541769
13,4391,47.224398,-1.520206
13,4392,47.226473,-1.523471
13,4401,47.226473,-1.523471
13,4402,47.227812,-1.525325
13,4411,47.227812,-1.525325
13,4412,47.230100,-1.528497
13,4421,47.230100,-1.528497
13,4422,47.231629,-1.530628
13,4431,47.231629,-1.530628
13,4432,47.234029,-1.536501
13,4441,47.234029,-1.536501
13,4442,47.234650,-1.540958
13,4451,47.234650,-1.540958
13,4452,47.235529,-1.547732
13,4461,47.235529,-1.547732
13,4462,47.235284,-1.549655
13,4471,47.235284,-1.549655
13,4472,47.234265,-1.553079
13,4481,47.234265,-1.553079
13,4482,47.233639,-1.555515
13,4491,47.233639,-1.555515
13,4492,47.234512,-1.557390
13,4501,47.234512,-1.557390
13,4502,47.233466,-1.559914
13,4511,47.233466,-1.559914
13,4512,47.233143,-1.566308
13,4521,47.233143,-1.566308
13,4522,47.231976,-1.568249
13,4531,47.231976,-1.568249
13,4532,47.229968,-1.571819
13,4541,47.229968,-1.571819
13,4542,47.228801,-1.576632
13,4551,47.228801,-1.576632
13,4552,47.228022,-1.580695
13,4561,47.228022,-1.580695
13,4562,47.226722,-1.582948
13,4571,47.226722,-1.582948
13,4572,47.222781,-1.585177
13,4581,47.222781,-1.585177
13,4582,47.219953,-1.586780
13,4591,47.219953,-1.586780
13,4592,47.217163,-1.587467
13,4601,47.217163,-1.587467
13,4602,47.213773,-1.586105
13,4611,47.213773,-1.586105
13,4612,47.211412,-1.586597
13,4621,47.211412,-1.586597
13,4622,47.209341,-1.587104
13,4631,47.209341,-1.587104
13,4632,47.206322,-1.587851
13,4641,47.206322,-1.587851
13,4642,47.203259,-1.588597
13,4651,47.203259,-1.588597
13,4652,47.200546,-1.589282
13,4661,47.200546,-1.589282
13,4662,47.198272,-1.589191
13,4671,47.198272,-1.589191
13,4672,47.197915,-1.593612
14,4691,47.197774,-1.593400
14,4692,47.198185,-1.588932
14,4701,47.198185,-1.588932
14,4702,47.199468,-1.588977
14,4711,47.199468,-1.588977
14,4712,47.204218,-1.588275
14,4721,47.204218,-1.588275
14,4722,47.207147,-1.587520
14,4731,47.207147,-1.587520
14,4732,47.208413,-1.587221
14,4741,47.208413,-1.587221
14,4742,47.211532,-1.586454
14,4751,47.211532,-1.586454
14,4752,47.215084,-1.586270
14,4761,47.215084,-1.586270
14,4762,47.217309,-1.587433
14,4771,47.217309,-1.587433
14,4772,47.220660,-1.586255
14,4781,47.220660,-1.586255
14,4782,47.222751,-1.585042
14,4791,47.222751,-1.585042
14,4792,47.226174,-1.583122
14,4801,47.226174,-1.583122
14,4802,47.227965,-1.580547
14,4811,47.227965,-1.580547
14,4812,47.229063,-1.574693
14,4821,47.229063,-1.574693
14,4822,47.229776,-1.571865
14,4831,47.229776,-1.571865
14,4832,47.231470,-1.568891
14,4841,47.231470,-1.568891
14,4842,47.233078,-1.566055
14,4851,47.233078,-1.566055
14,4852,47.233378,-1.559972
14,4861,47.233378,-1.559972
14,4862,47.234537,-1.557068
14,4871,47.234537,-1.557068
14,4872,47.233150,-1.555406
14,4881,47.233150,-1.555406
14,4882,47.234280,-1.552832
14,4891,47.234280,-1.552832
14,4892,47.235135,-1.549601
14,4901,47.235135,-1.549601
14,4902,47.235363,-1.547544
14,4911,47.235363,-1.547544
14,4912,47.234392,-1.540088
14,4921,47.234392,-1.540088
14,4922,47.233651,-1.534743
14,4931,47.233651,-1.534743
14,4932,47.232061,-1.531378
14,4941,47.232061,-1.531378
14,4942,47.230455,-1.529163
14,4951,47.230455,-1.529163
14,4952,47.228870,-1.526949
14,4961,47.228870,-1.526949
14,4962,47.226054,-1.523045
14,4971,47.226054,-1.523045
14,4972,47.224398,-1.520206
15,48961,47.238014,-1.586556
15,48962,47.238180,-1.585758
15,48971,47.238180,-1.585758
15,48972,47.239667,-1.584649
15,48981,47.239667,-1.584649
15,48982,47.239640,-1.578116
15,48991,47.239640,-1.578116
15,48992,47.239582,-1.571614
15,49001,47.239582,-1.571614
15,49002,47.238639,-1.570664
15,49011,47.238639,-1.570664
15,49012,47.236079,-1.568262
15,49021,47.236079,-1.568262
15,49022,47.232475,-1.565289
15,49031,47.232475,-1.565289
15,49032,47.229978,-1.563178
15,49041,47.229978,-1.563178
15,49042,47.228243,-1.561762
15,49051,47.228243,-1.561762
15,49052,47.225791,-1.559674
15,49061,47.225791,-1.559674
15,49062,47.222213,-1.556585
15,49071,47.222213,-1.556585
15,49072,47.221526,-1.556033
15,49081,47.221526,-1.556033
15,49082,47.219769,-1.555633
15,49091,47.219769,-1.555633
15,49092,47.218053,-1.557243
15,49101,47.218053,-1.557243
15,49102,47.217756,-1.554252
15,49111,47.217756,-1.554252
15,49112,47.218069,-1.551758
15,49121,47.218069,-1.551758
15,49122,47.218778,-1.550488
15,49131,47.218778,-1.550488
15,49132,47.220182,-1.546885
15,49141,47.220182,-1.546885
15,49142,47.221691,-1.542809
15,49151,47.221691,-1.542809
15,49152,47.223580,-1.538367
15,49161,47.223580,-1.538367
15,49162,47.225540,-1.537349
15,49171,47.225540,-1.537349
15,49172,47.227083,-1.532712
15,49181,47.227083,-1.532712
15,49182,47.225505,-1.529183
15,49191,47.225505,-1.529183
15,49192,47.228240,-1.526524
15,49201,47.228240,-1.526524
15,49202,47.226054,-1.523045
15,49211,47.226054,-1.523045
15,49212,47.227001,-1.518714
15,49221,47.227001,-1.518714
15,49222,47.227559,-1.515541
15,49231,47.227559,-1.515541
15,49232,47.229744,-1.511060
15,49241,47.229744,-1.511060
15,49242,47.232238,-1.507125
15,49251,47.232238,-1.507125
15,49252,47.235620,-1.504132
15,49261,47.235620,-1.504132
15,49262,47.235870,-1.508363
15,49271,47.235870,-1.508363
15,49272,47.238630,-1.507401
15,49281,47.238630,-1.507401
15,49282,47.241027,-1.508567
15,49291,47.241027,-1.508567
15,49292,47.244252,-1.509704
15,49301,47.244252,-1.509704
15,49302,47.246528,-1.511474
15,49311,47.246528,-1.511474
15,49312,47.247536,-1.514130
15,49321,47.247536,-1.514130
15,49322,47.248804,-1.517289
16,6361,47.208523,-1.611579
16,6362,47.209886,-1.614973
16,6371,47.209886,-1.614973
16,6372,47.211110,-1.617465
16,6381,47.211110,-1.617465
16,6382,47.214938,-1.614773
16,6391,47.214938,-1.614773
16,6392,47.216257,-1.613012
16,6401,47.216257,-1.613012
16,6402,47.217789,-1.610961
16,6411,47.217789,-1.610961
16,6412,47.218238,-1.607660
16,6421,47.218238,-1.607660
16,6422,47.217852,-1.603018
16,6431,47.217852,-1.603018
16,6432,47.216614,-1.597877
16,6441,47.216614,-1.597877
16,6442,47.216597,-1.592386
16,6451,47.216597,-1.592386
16,6452,47.213640,-1.589559
16,6461,47.213640,-1.589559
16,6462,47.213702,-1.584724
16,6471,47.213702,-1.584724
16,6472,47.212748,-1.581331
16,6481,47.212748,-1.581331
16,6482,47.211771,-1.577925
16,6491,47.211771,-1.577925
16,6492,47.213875,-1.574746
16,6501,47.213875,-1.574746
16,6502,47.214449,-1.572393
16,6511,47.214449,-1.572393
16,6512,47.214406,-1.568694
16,6521,47.214406,-1.568694
16,6522,47.214873,-1.564478
16,6531,47.214873,-1.564478
16,6532,47.215696,-1.559303
16,6541,47.215696,-1.559303
16,6542,47.216998,-1.556775
16,6551,47.216998,-1.556775
16,6552,47.218147,-1.557084
16,6561,47.218147,-1.557084
16,6562,47.219862,-1.555166
16,6571,47.219862,-1.555166
16,6572,47.221497,-1.555810
16,6581,47.221497,-1.555810
16,6582,47.222820,-1.556986
16,6591,47.222820,-1.556986
16,6592,47.225455,-1.559242
16,6601,47.225455,-1.559242
16,6602,47.227962,-1.561387
16,6611,47.227962,-1.561387
16,6612,47.230873,-1.563784
16,6621,47.230873,-1.563784
16,6622,47.232621,-1.565243
16,6631,47.232621,-1.565243
16,6632,47.233378,-1.559972
16,6641,47.233378,-1.559972
16,6642,47.234537,-1.557068
16,6651,47.234537,-1.557068
16,6652,47.233150,-1.555406
16,6661,47.233150,-1.555406
16,6662,47.234280,-1.552832
16,6671,47.234280,-1.552832
16,6672,47.235135,-1.549601
16,6681,47.235135,-1.549601
16,6682,47.235363,-1.547544
16,6691,47.235363,-1.547544
16,6692,47.238130,-1.544186
16,6701,47.238130,-1.544186
16,6702,47.240286,-1.542212
16,6711,47.240286,-1.542212
16,6712,47.241115,-1.538470
16,6721,47.241115,-1.538470
16,6722,47.243042,-1.534880
16,6731,47.243042,-1.534880
16,6732,47.243969,-1.536475
16,6741,47.243969,-1.536475
16,6742,47.248346,-1.536410
16,6751,47.248346,-1.536410
16,6752,47.250299,-1.536018
16,6761,47.250299,-1.536018
16,6762,47.250200,-1.530240
16,6771,47.250200,-1.530240
16,6772,47.252152,-1.529901
16,6781,47.252152,-1.529901
16,6782,47.251420,-1.526735
16,6791,47.251420,-1.526735
16,6792,47.248315,-1.522243
17,15711,47.226473,-1.523471
17,15712,47.227812,-1.525325
17,15721,47.227812,-1.525325
17,15722,47.230100,-1.528497
17,15731,47.230100,-1.528497
17,15732,47.231629,-1.530628
17,15741,47.231629,-1.530628
17,15742,47.234029,-1.536501
17,15751,47.234029,-1.536501
17,15752,47.234650,-1.540958
17,15761,47.234650,-1.540958
17,15762,47.235529,-1.547732
17,15771,47.235529,-1.547732
17,15772,47.235284,-1.549655
17,15781,47.235284,-1.549655
17,15782,47.234265,-1.553079
17,15791,47.234265,-1.553079
17,15792,47.233639,-1.555515
17,15801,47.233639,-1.555515
17,15802,47.234512,-1.557390
17,15811,47.234512,-1.557390
17,15812,47.233466,-1.559914
17,15821,47.233466,-1.559914
17,15822,47.233143,-1.566308
17,15831,47.233143,-1.566308
17,15832,47.231976,-1.568249
17,15841,47.231976,-1.568249
17,15842,47.229968,-1.571819
17,15851,47.229968,-1.571819
17,15852,47.228801,-1.576632
17,15861,47.228801,-1.576632
17,15862,47.228022,-1.580695
17,15871,47.228022,-1.580695
17,15872,47.226722,-1.582948
17,15881,47.226722,-1.582948
17,15882,47.222781,-1.585177
17,15891,47.222781,-1.585177
17,15892,47.219953,-1.586780
17,15901,47.219953,-1.586780
17,15902,47.217163,-1.587467
17,15911,47.217163,-1.587467
17,15912,47.213773,-1.586105
17,15921,47.213773,-1.586105
17,15922,47.211412,-1.586597
17,15931,47.211412,-1.586597
17,15932,47.209341,-1.587104
17,15941,47.209341,-1.587104
17,15942,47.206322,-1.587851
17,15951,47.206322,-1.587851
17,15952,47.203259,-1.588597
17,15961,47.203259,-1.588597
17,15962,47.200546,-1.589282
17,15971,47.200546,-1.589282
17,15972,47.198272,-1.589191
17,15981,47.198272,-1.589191
17,15982,47.197915,-1.593612
18,54641,47.200492,-1.572849
18,54642,47.203707,-1.569487
18,54651,47.203707,-1.569487
18,54652,47.204246,-1.564348
18,54661,47.204246,-1.564348
18,54662,47.204693,-1.560057
18,54671,47.204693,-1.560057
18,54672,47.205122,-1.555773
18,54681,47.205122,-1.555773
18,54682,47.210148,-1.555611
18,54691,47.210148,-1.555611
18,54692,47.211577,-1.557582
18,54701,47.211577,-1.557582
18,54702,47.210274,-1.562497
18,54711,47.210274,-1.562497
18,54712,47.208970,-1.567797
18,54721,47.208970,-1.567797
18,54722,47.206878,-1.572747
18,54731,47.206878,-1.572747
18,54732,47.204734,-1.575005
18,54741,47.204734,-1.575005
18,54742,47.199635,-1.580896
18,54751,47.199635,-1.580896
18,54752,47.198978,-1.583575
18,54761,47.198978,-1.583575
18,54762,47.198386,-1.587966
18,54771,47.198386,-1.587966
18,54772,47.199468,-1.588977
18,54781,47.199468,-1.588977
18,54782,47.204218,-1.588275
18,54791,47.204218,-1.588275
18,54792,47.207147,-1.587520
18,54801,47.207147,-1.587520
18,54802,47.209221,-1.587996
18,54811,47.209221,-1.587996
18,54812,47.209735,-1.597254
18,54821,47.209735,-1.597254
18,54822,47.210319,-1.602437
18,54831,47.210319,-1.602437
18,54832,47.212249,-1.608509
18,54841,47.212249,-1.608509
18,54842,47.214589,-1.606444
18,54851,47.214589,-1.606444
18,54852,47.218594,-1.603684
18,54861,47.218594,-1.603684
18,54862,47.220059,-1.603253
18,54871,47.220059,-1.603253
18,54872,47.222083,-1.602805
18,54881,47.222083,-1.602805
18,54882,47.225074,-1.602823
18,54891,47.225074,-1.602823
18,54892,47.226587,-1.600973
18,54901,47.226587,-1.600973
18,54902,47.228837,-1.598053
18,54911,47.228837,-1.598053
18,54912,47.231483,-1.592705
18,54921,47.231483,-1.592705
18,54922,47.235180,-1.588101
18,54931,47.235180,-1.588101
18,54932,47.236440,-1.586929
18,54941,47.236440,-1.586929
18,54942,47.238180,-1.585758
18,54951,47.238180,-1.585758
18,54952,47.239667,-1.584649
18,54961,47.239667,-1.584649
18,54962,47.239640,-1.578116
18,54971,47.239640,-1.578116
18,54972,47.239582,-1.571614
18,54981,47.239582,-1.571614
18,54982,47.238639,-1.570664
18,54991,47.238639,-1.570664
18,54992,47.236079,-1.568262
18,55001,47.236079,-1.568262
18,55002,47.232475,-1.565289
18,55011,47.232475,-1.565289
18,55012,47.229978,-1.563178
18,55021,47.229978,-1.563178
18,55022,47.228243,-1.561762
18,55031,47.228243,-1.561762
18,55032,47.225791,-1.559674
18,55041,47.225791,-1.559674
18,55042,47.222213,-1.556585
18,55051,47.222213,-1.556585
18,55052,47.221526,-1.556033
18,55061,47.221526,-1.556033
18,55062,47.219769,-1.555633
18,55071,47.219769,-1.555633
18,55072,47.218053,-1.557243
18,55081,47.218053,-1.557243
18,55082,47.216669,-1.556843
18,55091,47.216669,-1.556843
18,55092,47.214461,-1.555743
19,54111,47.200492,-1.572849
19,54112,47.203707,-1.569487
19,54121,47.203707,-1.569487
19,54122,47.204246,-1.564348
19,54131,47.204246,-1.564348
19,54132,47.204693,-1.560057
19,54141,47.204693,-1.560057
19,54142,47.205122,-1.555773
19,54151,47.205122,-1.555773
19,54152,47.210148,-1.555611
19,54161,47.210148,-1.555611
19,54162,47.211577,-1.557582
19,54171,47.211577,-1.557582
19,54172,47.210274,-1.562497
19,54181,47.210274,-1.562497
19,54182,47.208970,-1.567797
19,54191,47.208970,-1.567797
19,54192,47.206878,-1.572747
19,54201,47.206878,-1.572747
19,54202,47.204734,-1.575005
19,54211,47.204734,-1.575005
19,54212,47.199635,-1.580896
19,54221,47.199635,-1.580896
19,54222,47.198978,-1.583575
19,54231,47.198978,-1.583575
19,54232,47.198386,-1.587966
19,54241,47.198386,-1.587966
19,54242,47.199468,-1.588977
19,54251,47.199468,-1.588977
19,54252,47.204218,-1.588275
19,54261,47.204218,-1.588275
19,54262,47.207147,-1.587520
19,54271,47.207147,-1.587520
19,54272,47.209221,-1.587996
19,54281,47.209221,-1.587996
19,54282,47.209735,-1.597254
19,54291,47.209735,-1.597254
19,54292,47.210319,-1.602437
19,54301,47.210319,-1.602437
19,54302,47.212249,-1.608509
19,54311,47.212249,-1.608509
19,54312,47.214589,-1.606444
19,54321,47.214589,-1.606444
19,54322,47.218594,-1.603684
19,54331,47.218594,-1.603684
19,54332,47.220059,-1.603253
19,54341,47.220059,-1.603253
19,54342,47.222083,-1.602805
19,54351,47.222083,-1.602805
19,54352,47.225074,-1.602823
19,54361,47.225074,-1.602823
19,54362,47.226587,-1.600973
19,54371,47.226587,-1.600973
19,54372,47.228837,-1.598053
19,54381,47.228837,-1.598053
19,54382,47.231483,-1.592705
19,54391,47.231483,-1.592705
19,54392,47.235180,-1.588101
19,54401,47.235180,-1.588101
19,54402,47.236440,-1.586929
19,54411,47.236440,-1.586929
19,54412,47.238180,-1.585758
19,54421,47.238180,-1.585758
19,54422,47.239667,-1.584649
19,54431,47.239667,-1.584649
19,54432,47.239640,-1.578116
19,54441,47.239640,-1.578116
19,54442,47.239582,-1.571614
19,54451,47.239582,-1.571614
19,54452,47.238639,-1.570664
19,54461,47.238639,-1.570664
19,54462,47.236079,-1.568262
19,54471,47.236079,-1.568262
19,54472,47.232475,-1.565289
19,54481,47.232475,-1.565289
19,54482,47.229978,-1.563178
19,54491,47.229978,-1.563178
19,54492,47.228243,-1.561762
19,54501,47.228243,-1.561762
19,54502,47.225791,-1.559674
19,54511,47.225791,-1.559674
19,54512,47.222213,-1.556585
19,54521,47.222213,-1.556585
19,54522,47.221526,-1.556033
19,54531,47.221526,-1.556033
19,54532,47.219769,-1.555633
19,54541,47.219769,-1.555633
19,54542,47.218053,-1.557243
19,54551,47.218053,-1.557243
19,54552,47.216669,-1.556843
19,54561,47.216669,-1.556843
19,54562,47.214461,-1.555743
19,54571,47.214461,-1.555743
19,54572,47.210003,-1.555772
19,54581,47.210003,-1.555772
19,54582,47.204530,-1.555042
19,54591,47.204530,-1.555042
19,54592,47.204002,-1.560178
19,54601,47.204002,-1.560178
19,54602,47.204258,-1.565084
19,54611,47.204258,-1.565084
19,54612,47.203775,-1.569778
19,54621,47.203775,-1.569778
19,54622,47.200282,-1.573202
2,6811,47.249291,-1.523562
2,6812,47.251846,-1.527309
2,6821,47.251846,-1.527309
2,6822,47.252661,-1.528930
2,6831,47.252661,-1.528930
2,6832,47.250350,-1.531126
2,6841,47.250350,-1.531126
2,6842,47.250383,-1.536083
2,6851,47.250383,-1.536083
2,6852,47.248215,-1.536503
2,6861,47.248215,-1.536503
2,6862,47.243843,-1.536408
2,6871,47.243843,-1.536408
2,6872,47.242678,-1.535243
2,6881,47.242678,-1.535243
2,6882,47.241174,-1.538719
2,6891,47.241174,-1.538719
2,6892,47.239434,-1.543111
2,6901,47.239434,-1.543111
2,6902,47.238139,-1.544395
2,6911,47.238139,-1.544395
2,6912,47.235529,-1.547732
2,6921,47.235529,-1.547732
2,6922,47.235284,-1.549655
2,6931,47.235284,-1.549655
2,6932,47.234265,-1.553079
2,6941,47.234265,-1.553079
2,6942,47.233639,-1.555515
2,6951,47.233639,-1.555515
2,6952,47.234512,-1.557390
2,6961,47.234512,-1.557390
2,6962,47.233466,-1.559914
2,6971,47.233466,-1.559914
2,6972,47.232475,-1.565289
2,6981,47.232475,-1.565289
2,6982,47.229978,-1.563178
2,6991,47.229978,-1.563178
2,6992,47.228243,-1.561762
2,7001,47.228243,-1.561762
2,7002,47.225791,-1.559674
2,7011,47.225791,-1.559674
2,7012,47.222213,-1.556585
2,7021,47.222213,-1.556585
2,7022,47.221526,-1.556033
2,7031,47.221526,-1.556033
2,7032,47.219769,-1.555633
2,7041,47.219769,-1.555633
2,7042,47.218053,-1.557243
2,7051,47.218053,-1.557243
2,7052,47.216669,-1.556843
2,7061,47.216669,-1.556843
2,7062,47.215572,-1.560456
2,7071,47.215572,-1.560456
2,7072,47.214895,-1.564738
2,7081,47.214895,-1.564738
2,7082,47.214491,-1.568473
2,7091,47.214491,-1.568473
2,7092,47.214544,-1.572578
2,7101,47.214544,-1.572578
2,7102,47.213835,-1.574891
2,7111,47.213835,-1.574891
2,7112,47.211808,-1.576143
2,7121,47.211808,-1.576143
2,7122,47.212889,-1.581527
2,7131,47.212889,-1.581527
2,7132,47.214062,-1.587338
2,7141,47.214062,-1.587338
2,7142,47.213707,-1.589776
2,7151,47.213707,-1.589776
2,7152,47.216731,-1.592979
2,7161,47.216731,-1.592979
2,7162,47.216697,-1.599590
2,7171,47.216697,-1.599590
2,7172,47.218066,-1.603396
2,7181,47.218066,-1.603396
2,7182,47.218274,-1.608335
2,7191,47.218274,-1.608335
2,7192,47.217629,-1.611436
2,7201,47.217629,-1.611436
2,7202,47.216308,-1.613538
2,7211,47.216308,-1.613538
2,7212,47.214663,-1.615132
2,7221,47.214663,-1.615132
2,7222,47.211911,-1.617500
2,7231,47.211911,-1.617500
2,7232,47.209756,-1.614832
2,7241,47.209756,-1.614832
2,7242,47.208970,-1.611433
3,48341,47.212112,-1.553492
3,48342,47.212112,-1.553492
3,48351,47.214761,-1.556008
3,48352,47.214761,-1.556008
3,48361,47.214761,-1.556008
3,48362,47.214761,-1.556008
3,48371,47.217432,-1.558590
3,48372,47.217432,-1.558590
3,48381,47.217432,-1.558590
3,48382,47.217432,-1.558590
3,48391,47.218752,-1.560524
3,48392,47.218752,-1.560524
3,48401,47.218752,-1.560524
3,48402,47.221551,-1.562794
3,48411,47.221551,-1.562794
3,48412,47.221551,-1.562794
3,48421,47.224385,-1.565565
3,48422,47.224385,-1.565565
3,48431,47.224385,-1.565565
3,48432,47.227319,-1.569762
3,48441,47.227319,-1.569762
3,48442,47.230102,-1.572943
3,48451,47.230102,-1.572943
3,48452,47.230102,-1.572943
3,48461,47.232927,-1.577682
3,48462,47.232927,-1.577682
3,48471,47.232927,-1.577682
3,48472,47.235117,-1.582562
3,48481,47.235117,-1.582562
3,48482,47.238295,-1.587266
3,48491,47.238295,-1.587266
3,48492,47.238295,-1.587266
3,48501,47.240325,-1.591467
3,48502,47.240325,-1.591467
3,48511,47.240325,-1.591467
3,48512,47.243414,-1.591507
3,48521,47.243414,-1.591507
3,48522,47.246207,-1.594045
3,48531,47.246207,-1.594045
3,48532,47.249381,-1.598001
3,48541,47.249381,-1.598001
3,48542,47.249381,-1.598001
3,48551,47.246891,-1.603524
3,48552,47.246891,-1.603524
3,48561,47.246891,-1.603524
3,48562,47.245588,-1.608903
3,48571,47.245588,-1.608903
3,48572,47.246035,-1.616510
4,62571,47.251732,-1.540770
4,62572,47.252302,-1.545294
4,62581,47.252302,-1.545294
4,62582,47.252112,-1.549919
4,62591,47.252112,-1.549919
4,62592,47.252382,-1.552958
4,62601,47.252382,-1.552958
4,62602,47.253151,-1.558207
4,62611,47.253151,-1.558207
4,62612,47.252943,-1.561313
4,62621,47.252943,-1.561313
4,62622,47.251545,-1.567465
4,62631,47.251545,-1.567465
4,62632,47.249122,-1.568529
4,62641,47.249122,-1.568529
4,62642,47.247036,-1.567361
4,62651,47.247036,-1.567361
4,62652,47.244514,-1.561220
4,62661,47.244514,-1.561220
4,62662,47.243608,-1.557374
4,62671,47.243608,-1.557374
4,62672,47.240981,-1.557306
4,62681,47.240981,-1.557306
4,62682,47.239424,-1.561168
4,62691,47.239424,-1.561168
4,62692,47.235829,-1.563437
4,62701,47.235829,-1.563437
4,62702,47.233143,-1.566308
4,62711,47.233143,-1.566308
4,62712,47.231976,-1.568249
4,62721,47.231976,-1.568249
4,62722,47.228951,-1.569595
4,62731,47.228951,-1.569595
4,62732,47.227743,-1.570057
4,62741,47.227743,-1.570057
4,62742,47.223676,-1.571614
4,62751,47.223676,-1.571614
4,62752,47.221102,-1.572971
4,62761,47.221102,-1.572971
4,62762,47.219529,-1.571184
4,62771,47.219529,-1.571184
4,62772,47.217714,-1.569062
4,62781,47.217714,-1.569062
4,62782,47.216681,-1.567089
4,62791,47.216681,-1.567089
4,62792,47.215227,-1.564157
4,62801,47.215227,-1.564157
4,62802,47.215696,-1.559303
4,62811,47.215696,-1.559303
4,62812,47.214461,-1.555743
4,62821,47.214461,-1.555743
4,62822,47.210003,-1.555772
4,62831,47.210003,-1.555772
4,62832,47.205591,-1.554891
4,62841,47.205591,-1.554891
4,62842,47.203599,-1.552043
4,62851,47.203599,-1.552043
4,62852,47.201502,-1.553651
4,62861,47.201502,-1.553651
4,62862,47.200738,-1.545552
4,62871,47.200738,-1.545552
4,62872,47.201625,-1.543585
4,62881,47.201625,-1.543585
4,62882,47.203331,-1.541410
4,62891,47.203331,-1.541410
4,62892,47.203177,-1.539615
4,62901,47.203177,-1.539615
4,62902,47.202485,-1.537102
4,62911,47.202485,-1.537102
4,62912,47.203690,-1.534002
4,62921,47.203690,-1.534002
4,62922,47.205127,-1.531838
4,62931,47.205127,-1.531838
4,62932,47.207064,-1.532726
4,62941,47.207064,-1.532726
4,62942,47.208186,-1.529702
4,62951,47.208186,-1.529702
4,62952,47.209396,-1.527526
4,62961,47.209396,-1.527526
4,62962,47.210373,-1.525995
5,62981,47.210354,-1.526183
5,62982,47.209217,-1.528265
5,62991,47.209217,-1.528265
5,62992,47.208194,-1.530003
5,63001,47.208194,-1.530003
5,63002,47.207045,-1.533019
5,63011,47.207045,-1.533019
5,63012,47.204856,-1.531702
5,63021,47.204856,-1.531702
5,63022,47.203444,-1.534812
5,63031,47.203444,-1.534812
5,63032,47.202593,-1.537127
5,63041,47.202593,-1.537127
5,63042,47.203445,-1.539934
5,63051,47.203445,-1.539934
5,63052,47.203181,-1.542092
5,63061,47.203181,-1.542092
5,63062,47.201694,-1.543711
5,63071,47.201694,-1.543711
5,63072,47.201088,-1.545943
5,63081,47.201088,-1.545943
5,63082,47.201678,-1.553767
5,63091,47.201678,-1.553767
5,63092,47.204093,-1.551989
5,63101,47.204093,-1.551989
5,63102,47.205653,-1.554568
5,63111,47.205653,-1.554568
5,63112,47.210148,-1.555611
5,63121,47.210148,-1.555611
5,63122,47.214465,-1.555513
5,63131,47.214465,-1.555513
5,63132,47.215572,-1.560456
5,63141,47.215572,-1.560456
5,63142,47.215686,-1.564674
5,63151,47.215686,-1.564674
5,63152,47.216900,-1.567005
5,63161,47.216900,-1.567005
5,63162,47.217818,-1.568813
5,63171,47.217818,-1.568813
5,63172,47.220541,-1.570160
5,63181,47.220541,-1.570160
5,63182,47.224453,-1.571146
5,63191,47.224453,-1.571146
5,63192,47.227136,-1.570130
5,63201,47.227136,-1.570130
5,63202,47.229654,-1.569225
5,63211,47.229654,-1.569225
5,63212,47.231205,-1.568655
5,63221,47.231205,-1.568655
5,63222,47.233078,-1.566055
5,63231,47.233078,-1.566055
5,63232,47.236339,-1.563269
5,63241,47.236339,-1.563269
5,63242,47.240090,-1.559523
5,63251,47.240090,-1.559523
5,63252,47.241540,-1.556267
5,63261,47.241540,-1.556267
5,63262,47.243705,-1.557199
5,63271,47.243705,-1.557199
5,63272,47.244991,-1.561925
5,63281,47.244991,-1.561925
5,63282,47.247619,-1.567781
5,63291,47.247619,-1.567781
5,63292,47.249978,-1.568703
5,63301,47.249978,-1.568703
5,63302,47.251644,-1.565961
5,63311,47.251644,-1.565961
5,63312,47.253031,-1.560843
5,63321,47.253031,-1.560843
5,63322,47.252826,-1.556833
5,63331,47.252826,-1.556833
5,63332,47.252228,-1.552692
5,63341,47.252228,-1.552692
5,63342,47.252494,-1.548298
5,63351,47.252494,-1.548298
5,63352,47.252215,-1.545171
5,63361,47.252215,-1.545171
5,63362,47.251732,-1.540770
6,16691,47.226473,-1.523471
6,16692,47.227812,-1.525325
6,16701,47.227812,-1.525325
6,16702,47.230100,-1.528497
6,16711,47.230100,-1.528497
6,16712,47.231629,-1.530628
6,16721,47.231629,-1.530628
6,16722,47.234029,-1.536501
6,16731,47.234029,-1.536501
6,16732,47.234650,-1.540958
6,16741,47.234650,-1.540958
6,16742,47.235529,-1.547732
6,16751,47.235529,-1.547732
6,16752,47.235284,-1.549655
6,16761,47.235284,-1.549655
6,16762,47.234265,-1.553079
6,16771,47.234265,-1.553079
6,16772,47.233639,-1.555515
6,16781,47.233639,-1.555515
6,16782,47.234512,-1.557390
6,16791,47.234512,-1.557390
6,16792,47.233466,-1.559914
6,16801,47.233466,-1.559914
6,16802,47.233143,-1.566308
6,16811,47.233143,-1.566308
6,16812,47.231976,-1.568249
6,16821,47.231976,-1.568249
6,16822,47.229968,-1.571819
6,16831,47.229968,-1.571819
6,16832,47.228801,-1.576632
6,16841,47.228801,-1.576632
6,16842,47.228022,-1.580695
6,16851,47.228022,-1.580695
6,16852,47.226722,-1.582948
6,16861,47.226722,-1.582948
6,16862,47.222781,-1.585177
6,16871,47.222781,-1.585177
6,16872,47.219953,-1.586780
6,16881,47.219953,-1.586780
6,16882,47.217163,-1.587467
6,16891,47.217163,-1.587467
6,16892,47.213773,-1.586105
6,16901,47.213773,-1.586105
6,16902,47.211412,-1.586597
6,16911,47.211412,-1.586597
6,16912,47.209341,-1.587104
6,16921,47.209341,-1.587104
6,16922,47.206322,-1.587851
6,16931,47.206322,-1.587851
6,16932,47.203259,-1.588597
6,16941,47.203259,-1.588597
6,16942,47.200546,-1.589282
6,16951,47.200546,-1.589282
6,16952,47.198272,-1.589191
6,16961,47.198272,-1.589191
6,16962,47.197915,-1.593612
7,47621,47.177317,-1.592498
7,47622,47.180824,-1.586220
7,47631,47.180824,-1.586220
7,47632,47.181360,-1.579179
7,47641,47.181360,-1.579179
7,47642,47.181360,-1.579179
7,47651,47.183222,-1.569706
7,47652,47.183222,-1.569706
7,47661,47.183222,-1.569706
7,47662,47.183222,-1.569706
7,47671,47.184463,-1.562295
7,47672,47.184463,-1.562295
7,47681,47.184463,-1.562295
7,47682,47.184463,-1.562295
7,47691,47.184688,-1.559263
7,47692,47.184688,-1.559263
7,47701,47.184688,-1.559263
7,47702,47.186252,-1.553784
7,47711,47.186252,-1.553784
7,47712,47.186252,-1.553784
7,47721,47.189503,-1.551307
7,47722,47.189503,-1.551307
7,47731,47.189503,-1.551307
7,47732,47.191889,-1.548202
7,47741,47.191889,-1.548202
7,47742,47.191889,-1.548202
7,47751,47.196192,-1.542561
7,47752,47.196192,-1.542561
7,47761,47.196192,-1.542561
7,47762,47.196192,-1.542561
7,47771,47.201925,-1.545133
7,47772,47.201925,-1.545133
7,47781,47.201925,-1.545133
7,47782,47.204147,-1.546546
7,47791,47.204147,-1.546546
7,47792,47.204147,-1.546546
7,47801,47.206667,-1.548417
7,47802,47.206667,-1.548417
7,47811,47.206667,-1.548417
7,47812,47.209312,-1.550360
7,47821,47.209312,-1.550360
7,47822,47.209312,-1.550360
7,47831,47.212112,-1.553492
7,47832,47.212112,-1.553492
7,47841,47.212112,-1.553492
7,47842,47.212112,-1.553492
7,47851,47.214761,-1.556008
7,47852,47.214761,-1.556008
7,47861,47.214761,-1.556008
7,47862,47.214761,-1.556008
7,47871,47.217432,-1.558590
7,47872,47.217432,-1.558590
7,47881,47.217432,-1.558590
7,47882,47.217432,-1.558590
7,47891,47.218752,-1.560524
7,47892,47.218752,-1.560524
7,47901,47.218752,-1.560524
7,47902,47.221551,-1.562794
7,47911,47.221551,-1.562794
7,47912,47.221551,-1.562794
7,47921,47.224385,-1.565565
7,47922,47.224385,-1.565565
7,47931,47.224385,-1.565565
7,47932,47.227319,-1.569762
7,47941,47.227319,-1.569762
7,47942,47.230102,-1.572943
7,47951,47.230102,-1.572943
7,47952,47.230102,-1.572943
7,47961,47.232927,-1.577682
7,47962,47.232927,-1.577682
7,47971,47.232927,-1.577682
7,47972,47.235117,-1.582562
7,47981,47.235117,-1.582562
7,47982,47.238295,-1.587266
7,47991,47.238295,-1.587266
7,47992,47.238295,-1.587266
7,48001,47.240325,-1.591467
7,48002,47.240325,-1.591467
7,48011,47.240325,-1.591467
7,48012,47.243414,-1.591507
7,48021,47.243414,-1.591507
7,48022,47.246207,-1.594045
7,48031,47.246207,-1.594045
7,48032,47.249381,-1.598001
7,48041,47.249381,-1.598001
7,48042,47.249381,-1.598001
7,48051,47.246891,-1.603524
7,48052,47.246891,-1.603524
7,48061,47.246891,-1.603524
7,48062,47.245588,-1.608903
7,48071,47.245588,-1.608903
7,48072,47.246035,-1.616510
8,13941,47.197774,-1.593400
8,13942,47.198185,-1.588932
8,13951,47.198185,-1.588932
8,13952,47.199468,-1.588977
8,13961,47.199468,-1.588977
8,13962,47.204218,-1.588275
8,13971,47.204218,-1.588275
8,13972,47.207147,-1.587520
8,13981,47.207147,-1.587520
8,13982,47.208413,-1.587221
8,13991,47.208413,-1.587221
8,13992,47.211532,-1.586454
8,14001,47.211532,-1.586454
8,14002,47.215084,-1.586270
8,14011,47.215084,-1.586270
8,14012,47.217309,-1.587433
8,14021,47.217309,-1.587433
8,14022,47.220660,-1.586255
8,14031,47.220660,-1.586255
8,14032,47.222751,-1.585042
8,14041,47.222751,-1.585042
8,14042,47.226174,-1.583122
8,14051,47.226174,-1.583122
8,14052,47.227965,-1.580547
8,14061,47.227965,-1.580547
8,14062,47.229063,-1.574693
8,14071,47.229063,-1.574693
8,14072,47.229776,-1.571865
8,14081,47.229776,-1.571865
8,14082,47.231470,-1.568891
8,14091,47.231470,-1.568891
8,14092,47.233078,-1.566055
8,14101,47.233078,-1.566055
8,14102,47.233378,-1.559972
8,14111,47.233378,-1.559972
8,14112,47.234537,-1.557068
8,14121,47.234537,-1.557068
8,14122,47.233150,-1.555406
8,14131,47.233150,-1.555406
8,14132,47.234280,-1.552832
8,14141,47.234280,-1.552832
8,14142,47.235135,-1.549601
8,14151,47.235135,-1.549601
8,14152,47.235363,-1.547544
8,14161,47.235363,-1.547544
8,14162,47.234392,-1.540088
8,14171,47.234392,-1.540088
8,14172,47.233651,-1.534743
8,14181,47.233651,-1.534743
8,14182,47.232061,-1.531378
8,14191,47.232061,-1.531378
8,14192,47.230455,-1.529163
8,14201,47.230455,-1.529163
8,14202,47.228870,-1.526949
8,14211,47.228870,-1.526949
8,14212,47.226054,-1.523045
8,14221,47.226054,-1.523045
8,14222,47.224398,-1.520206
9,47151,47.245739,-1.615904
9,47152,47.245606,-1.608399
9,47161,47.245606,-1.608399
9,47162,47.247117,-1.603065
9,47171,47.247117,-1.603065
9,47172,47.247117,-1.603065
9,47181,47.249082,-1.597756
9,47182,47.249082,-1.597756
9,47191,47.249082,-1.597756
9,47192,47.245906,-1.593794
9,47201,47.245906,-1.593794
9,47202,47.243091,-1.591646
9,47211,47.243091,-1.591646
9,47212,47.240075,-1.591125
9,47221,47.240075,-1.591125
9,47222,47.240075,-1.591125
9,47231,47.237997,-1.586819
9,47232,47.237997,-1.586819
9,47241,47.237997,-1.586819
9,47242,47.234912,-1.582172
9,47251,47.234912,-1.582172
9,47252,47.232690,-1.577319
9,47261,47.232690,-1.577319
9,47262,47.232690,-1.577319
9,47271,47.229820,-1.572685
9,47272,47.229820,-1.572685
9,47281,47.229820,-1.572685
9,47282,47.227006,-1.569419
9,47291,47.227006,-1.569419
9,47292,47.224090,-1.565217
9,47301,47.224090,-1.565217
9,47302,47.224090,-1.565217
9,47311,47.221208,-1.562625
9,47312,47.221208,-1.562625
9,47321,47.221208,-1.562625
9,47322,47.218362,-1.560060
9,47331,47.218362,-1.560060
9,47332,47.218362,-1.560060
9,47341,47.217071,-1.558186
9,47342,47.217071,-1.558186
9,47351,47.217071,-1.558186
9,47352,47.217071,-1.558186
9,47361,47.214346,-1.555726
9,47362,47.214346,-1.555726
9,47371,47.214346,-1.555726
9,47372,47.214346,-1.555726
9,47381,47.211508,-1.552937
9,47382,47.211508,-1.552937
9,47391,47.211508,-1.552937
9,47392,47.211508,-1.552937
9,47401,47.208986,-1.550139
9,47402,47.208986,-1.550139
9,47411,47.208986,-1.550139
9,47412,47.206344,-1.548209
9,47421,47.206344,-1.548209
9,47422,47.206344,-1.548209
9,47431,47.203797,-1.546420
9,47432,47.203797,-1.546420
9,47441,47.203797,-1.546420
9,47442,47.201576,-1.545025
9,47451,47.201576,-1.545025
9,47452,47.201576,-1.545025
9,47461,47.196110,-1.543068
9,47462,47.196110,-1.543068
9,47471,47.196110,-1.543068
9,47472,47.196110,-1.543068
9,47481,47.191780,-1.548658
9,47482,47.191780,-1.548658
9,47491,47.191780,-1.548658
9,47492,47.189276,-1.551683
9,47501,47.189276,-1.551683
9,47502,47.189276,-1.551683
9,47511,47.186050,-1.554021
9,47512,47.186050,-1.554021
9,47521,47.186050,-1.554021
9,47522,47.184812,-1.559761
9,47531,47.184812,-1.559761
9,47532,47.184812,-1.559761
9,47541,47.184433,-1.562818
9,47542,47.184433,-1.562818
9,47551,47.184433,-1.562818
9,47552,47.184433,-1.562818
9,47561,47.183228,-1.570279
9,47562,47.183228,-1.570279
9,47571,47.183228,-1.570279
9,47572,47.183228,-1.570279
9,47581,47.181336,-1.579687
9,47582,47.181336,-1.579687
9,47591,47.181336,-1.579687
9,47592,47.180692,-1.586688
9,47601,47.180692,-1.586688
9,47602,47.177249,-1.592962
